0,1,0+0.0529j,0+0.1305j,0,0,138,0,0,0,0
0,6,0.0103+0.0584j,0.0144+0.0815j,0,0,138,0,0,0,0
1,2,0.0371+0.0988j,0.1007+0.3521j,0,138,138,0,0,0,0
0,3,0.0202+0.2306j,0.0443+0.2513j,0,0,138,0,0,0,0
2,3,0.0373+0.0944j,0.0981+0.3387j,0,138,138,0,0,0,0
2,4,0.0221+0.0585j,0.0603+0.2085j,0,138,138,0,0,0,0
4,7,0.0193+0.0511j,0.0525+0.1818j,0,138,138,0,0,0,0
3,5,0.0203+0.0539j,0.0554+0.1917j,0,138,138,0,0,0,0
1,6,0.0414+0.1096j,0.1128+0.3903j,0,138,138,0,0,0,0
6,7,0.0305+0.0772j,0.0802+0.2769j,0,138,138,0,0,0,0
5,8,0.0073+0.0191j,0.0191+0.0661j,0,138,138,0,0,0,0
7,8,0.0408+0.0921j,0.0948+0.3301j,0,138,138,0,0,0,0
0,5,0.0063+0.0347j,0.0184+0.0965j,0,0,138,0,0,0,0
2,6,0.0477+0.1104j,0.1136+0.3930j,0,138,138,0,0,0,0
5,7,0.0458+0.104j,0.1085+0.3752j,0,138,138,0,0,0,0