0,1,0+5.29j,0+13.05j,0,138,138,0,0,0,0,0
0,6,1.03+5.84j,1.44+8.15j,0,138,138,0,0,0,0,0
1,2,3.71+9.88j,10.07+35.21j,0,138,138,0,0,0,0,0
0,3,2.02+23.06j,4.43+25.13j,0,138,138,0,0,0,0,0
2,3,3.73+9.44j,9.81+33.87j,0,138,138,0,0,0,0,0
2,4,2.21+5.85j,6.03+20.85j,0,138,138,0,0,0,0,0
4,7,1.93+5.11j,5.25+18.18j,0,138,138,0,0,0,0,0
3,5,2.03+5.39j,5.54+19.17j,0,138,138,0,0,0,0,0
1,6,4.14+10.96j,11.28+39.03j,0,138,138,0,0,0,0,0
6,7,3.05+7.72j,8.02+27.69j,0,138,138,0,0,0,0,0
5,8,0.73+1.91j,1.91+6.61j,0,138,138,0,0,0,0,0
7,8,4.08+9.21j,9.48+33.01j,0,138,138,0,0,0,0,0
0,5,0.63+3.47j,1.84+9.65j,0,138,138,0,0,0,0,0
2,6,4.77+11.04j,11.36+39.30j,0,138,138,0,0,0,0,0
5,7,4.58+10.4j,10.85+37.52j,0,138,138,0,0,0,0,0